place(4.330, -6.368, 11.223, "Brawler", 600)
place(5.535, -6.368, 4.514, "Scout", 150)
place(5.455, -6.368, 1.501, "Scout", 150)
place(5.915, -6.368, 9.898, "Brawler", 600)
place(7.504, -6.368, 8.655, "Brawler", 600)
place(9.017, -6.368, 12.952, "Brawler", 600)
place(7.282, -6.368, 14.062, "Brawler", 600)
place(5.759, -6.368, 15.548, "Brawler", 600)
place(8.534, -6.368, 1.772, "Scout", 150)
place(9.124, -6.368, -1.314, "Scout", 150)
place(6.813, -6.368, -3.440, "Scout", 150)
place(3.790, -6.368, -4.004, "Scout", 150)
place(0.738, -6.368, -4.215, "Scout", 150)
place(3.581, -6.368, -0.975, "Scout", 150)
place(0.476, -6.368, -1.127, "Scout", 150)
place(-2.329, -6.368, -4.074, "Scout", 150)
place(-2.685, -6.368, -1.084, "Scout", 150)
place(-5.441, -6.368, -4.063, "Scout", 150)
place(-8.564, -6.368, -4.056, "Scout", 150)
place(-11.269, -6.368, -2.458, "Scout", 150)
place(-13.983, -6.368, -0.872, "Scout", 150)
place(-14.105, -6.368, -4.027, "Scout", 150)
place(-16.062, -6.368, 1.519, "Scout", 150)
upgrade(5.535, -5.018, 4.514, 50)
upgrade(5.455, -5.018, 1.501, 50)
upgrade(8.534, -5.018, 1.772, 50)
upgrade(9.124, -5.018, -1.314, 50)
upgrade(6.813, -5.018, -3.440, 50)
upgrade(3.581, -5.018, -0.975, 50)
upgrade(0.476, -5.018, -1.127, 50)
upgrade(3.790, -5.018, -4.004, 50)
upgrade(0.738, -5.018, -4.215, 50)
upgrade(-2.685, -5.018, -1.084, 50)
upgrade(-2.329, -5.018, -4.074, 50)
upgrade(-5.441, -5.018, -4.063, 50)
upgrade(-8.564, -5.018, -4.056, 50)
upgrade(-11.269, -5.018, -2.458, 50)
upgrade(-13.983, -5.018, -0.872, 50)
upgrade(-14.105, -5.018, -4.027, 50)
